Windows PowerShell
Copyright (C) Microsoft Corporation. All rights reserved.

Try the new cross-platform PowerShell https://aka.ms/pscore6

PS D:\GeneticAlgorithm>  & 'C:\Users\NP\AppData\Local\Programs\Python\Python311\python.exe' 'c:\Users\NP\.vscode\extensions\ms-python.python-2023.14.0\pythonFiles\lib\python\debugpy\adapter/../..\debugpy\launcher' '59130' '--' 'D:\GeneticAlgorithm\Geneticalgorithm.py'
Round : 1 Min : 26 - Population : [[31, 9, 13, 21], [31, 30, 17, 34], [4, 7, 3, 15], [26, 19, 27, 10], [30, 2, 29, 13], [35, 39, 25, 20]]
Round : 2 Min : 26 - Population : [[25, 18, 13, 21], [25, 18, 13, 21], [4, 7, 3, 15], [30, 17, 29, 13], [25, 18, 13, 21], [31, 30, 17, 18]]
Round : 3 Min : 31 - Population : [[25, 9, 13, 22], [4, 13, 14, 15], [4, 13, 14, 15], [25, 9, 13, 22], [25, 9, 13, 22], [25, 9, 13, 22]]
Round : 4 Min : 57 - Population : [[25, 17, 39, 22], [25, 17, 39, 22], [4, 11, 30, 22], [4, 11, 30, 22], [25, 17, 39, 22], [25, 17, 39, 22]]
Round : 5 Min : 99 - Population : [[25, 11, 30, 22], [27, 18, 39, 22], [27, 18, 39, 22], [27, 18, 39, 22], [27, 18, 39, 22], [27, 18, 39, 22]]
Round : 6 Min : 102 - Population : [[13, 11, 39, 22], [13, 11, 39, 22], [15, 18, 30, 22], [15, 18, 30, 22], [15, 18, 30, 22], [15, 18, 30, 22]]
Round : 7 Min : 26 - Population : [[15, 11, 39, 16], [15, 11, 39, 16], [13, 18, 13, 35], [15, 11, 39, 16], [13, 18, 13, 35], [15, 11, 39, 16]]
Round : 8 Min : 68 - Population : [[18, 11, 39, 16], [19, 18, 13, 20], [19, 18, 13, 20], [18, 11, 39, 16], [18, 11, 39, 16], [18, 11, 39, 16]]
Round : 9 Min : 77 - Population : [[34, 41, 3, 16], [34, 41, 3, 16], [19, 18, 16, 20], [34, 41, 3, 16], [19, 18, 16, 20], [34, 41, 3, 16]]
Round : 10 Min : 56 - Population : [[19, 41, 16, 8], [34, 20, 3, 30], [19, 41, 16, 8], [19, 41, 16, 8], [19, 41, 16, 8], [19, 41, 16, 8]]
Round : 11 Min : 56 - Population : [[34, 20, 3, 30], [38, 37, 1, 2], [38, 37, 1, 2], [38, 37, 1, 2], 
[34, 20, 3, 30], [38, 37, 1, 2]]
Round : 12 Min : 73 - Population : [[41, 37, 1, 2], [34, 17, 14, 32], [34, 17, 14, 32], [34, 17, 14, 
32], [41, 37, 1, 2], [41, 37, 1, 2]]
Round : 13 Min : 137 - Population : [[32, 19, 14, 2], [32, 19, 14, 2], [41, 33, 26, 32], [41, 33, 26, 32], [32, 19, 14, 2], [32, 19, 14, 2]]
Round : 14 Min : 137 - Population : [[32, 19, 14, 2], [32, 19, 14, 2], [32, 19, 14, 2], [41, 33, 26, 
32], [32, 19, 14, 2], [32, 19, 14, 2]]
Round : 15 Min : 179 - Population : [[20, 35, 14, 1], [20, 35, 14, 1], [20, 35, 14, 1], [20, 35, 14, 
1], [20, 35, 14, 1], [20, 35, 14, 1]]
Round : 16 Min : 155 - Population : [[20, 35, 16, 16], [20, 35, 16, 16], [20, 35, 16, 16], [20, 35, 16, 16], [20, 35, 16, 16], [20, 35, 16, 16]]
Round : 17 Min : 74 - Population : [[29, 14, 11, 16], [29, 14, 11, 16], [29, 14, 11, 16], [29, 14, 11, 16], [29, 14, 11, 16], [29, 14, 11, 16]]
Round : 18 Min : 144 - Population : [[29, 32, 25, 38], [29, 32, 25, 38], [29, 32, 25, 38], [29, 32, 25, 38], [29, 32, 25, 38], [29, 32, 25, 38]]
Round : 19 Min : 95 - Population : [[38, 21, 4, 18], [38, 21, 4, 18], [38, 21, 4, 18], [38, 21, 4, 18], [38, 21, 4, 18], [38, 21, 4, 18]]
Round : 20 Min : 83 - Population : [[38, 24, 4, 30], [38, 24, 4, 30], [38, 24, 4, 30], [38, 24, 4, 30], [38, 24, 4, 30], [38, 24, 4, 30]]
Round : 21 Min : 145 - Population : [[39, 35, 4, 22], [39, 35, 4, 22], [39, 35, 4, 22], [39, 35, 4, 22], [39, 35, 4, 22], [39, 35, 4, 22]]
Round : 22 Min : 152 - Population : [[25, 35, 19, 27], [25, 35, 19, 27], [25, 35, 19, 27], [25, 35, 19, 27], [25, 35, 19, 27], [25, 35, 19, 27]]
Round : 23 Min : 135 - Population : [[25, 26, 8, 1], [25, 26, 8, 1], [25, 26, 8, 1], [25, 26, 8, 1], 
[25, 26, 8, 1], [25, 26, 8, 1]]
Round : 24 Min : 135 - Population : [[25, 26, 8, 1], [25, 26, 8, 1], [25, 26, 8, 1], [25, 26, 8, 1], 
[25, 26, 8, 1], [25, 26, 8, 1]]
Round : 25 Min : 168 - Population : [[25, 38, 3, 1], [25, 38, 3, 1], [25, 38, 3, 1], [25, 38, 3, 1], 
[25, 38, 3, 1], [25, 38, 3, 1]]
Round : 26 Min : 186 - Population : [[2, 38, 35, 17], [2, 38, 35, 17], [2, 38, 35, 17], [2, 38, 35, 17], [2, 38, 35, 17], [2, 38, 35, 17]]
Round : 27 Min : 186 - Population : [[2, 38, 35, 17], [2, 38, 35, 17], [2, 38, 35, 17], [2, 38, 35, 17], [2, 38, 35, 17], [2, 38, 35, 17]]
Round : 28 Min : 130 - Population : [[17, 38, 1, 9], [17, 38, 1, 9], [17, 38, 1, 9], [17, 38, 1, 9], 
[17, 38, 1, 9], [17, 38, 1, 9]]
Round : 29 Min : 152 - Population : [[17, 41, 1, 4], [17, 41, 1, 4], [17, 41, 1, 4], [17, 41, 1, 4], 
[17, 41, 1, 4], [17, 41, 1, 4]]
Round : 30 Min : 140 - Population : [[17, 11, 37, 4], [17, 11, 37, 4], [17, 11, 37, 4], [17, 11, 37, 
4], [17, 11, 37, 4], [17, 11, 37, 4]]
Round : 31 Min : 250 - Population : [[16, 39, 37, 4], [16, 39, 37, 4], [16, 39, 37, 4], [16, 39, 37, 
4], [16, 39, 37, 4], [16, 39, 37, 4]]
Round : 32 Min : 191 - Population : [[25, 34, 18, 4], [25, 34, 18, 4], [25, 34, 18, 4], [25, 34, 18, 
4], [25, 34, 18, 4], [25, 34, 18, 4]]
Round : 33 Min : 178 - Population : [[24, 34, 37, 38], [24, 34, 37, 38], [24, 34, 37, 38], [24, 34, 37, 38], [24, 34, 37, 38], [24, 34, 37, 38]]
Round : 34 Min : 100 - Population : [[24, 1, 37, 11], [24, 1, 37, 11], [24, 1, 37, 11], [24, 1, 37, 11], [24, 1, 37, 11], [24, 1, 37, 11]]
Round : 35 Min : 112 - Population : [[1, 21, 37, 22], [1, 21, 37, 22], [1, 21, 37, 22], [1, 21, 37, 22], [1, 21, 37, 22], [1, 21, 37, 22]]
Round : 36 Min : 112 - Population : [[1, 21, 37, 22], [1, 21, 37, 22], [1, 21, 37, 22], [1, 21, 37, 22], [1, 21, 37, 22], [1, 21, 37, 22]]
Round : 37 Min : 162 - Population : [[5, 40, 37, 39], [5, 40, 37, 39], [5, 40, 37, 39], [5, 40, 37, 39], [5, 40, 37, 39], [5, 40, 37, 39]]
Round : 38 Min : 46 - Population : [[33, 1, 1, 39], [33, 1, 1, 39], [33, 1, 1, 39], [33, 1, 1, 39], [33, 1, 1, 39], [33, 1, 1, 39]]
Round : 39 Min : 82 - Population : [[29, 35, 1, 39], [29, 35, 1, 39], [29, 35, 1, 39], [29, 35, 1, 39], [29, 35, 1, 39], [29, 35, 1, 39]]
Round : 40 Min : 122 - Population : [[1, 35, 33, 39], [1, 35, 33, 39], [1, 35, 33, 39], [1, 35, 33, 39], [1, 35, 33, 39], [1, 35, 33, 39]]
Round : 41 Min : 96 - Population : [[1, 35, 11, 19], [1, 35, 11, 19], [1, 35, 11, 19], [1, 35, 11, 19], [1, 35, 11, 19], [1, 35, 11, 19]]
Round : 42 Min : 114 - Population : [[33, 34, 11, 40], [33, 34, 11, 40], [33, 34, 11, 40], [33, 34, 11, 40], [33, 34, 11, 40], [33, 34, 11, 40]]
Round : 43 Min : 97 - Population : [[33, 14, 32, 40], [33, 14, 32, 40], [33, 14, 32, 40], [33, 14, 32, 40], [33, 14, 32, 40], [33, 14, 32, 40]]
Round : 44 Min : 7 - Population : [[5, 14, 8, 28], [5, 14, 8, 28], [5, 14, 8, 28], [5, 14, 8, 28], [5, 14, 8, 28], [5, 14, 8, 28]]
Round : 45 Min : 110 - Population : [[5, 36, 7, 12], [5, 36, 7, 12], [5, 36, 7, 12], [5, 36, 7, 12], 
[5, 36, 7, 12], [5, 36, 7, 12]]
Round : 46 Min : 110 - Population : [[5, 36, 7, 12], [5, 36, 7, 12], [5, 36, 7, 12], [5, 36, 7, 12], 
[5, 36, 7, 12], [5, 36, 7, 12]]
Round : 47 Min : 178 - Population : [[25, 36, 17, 13], [25, 36, 17, 13], [25, 36, 17, 13], [25, 36, 17, 13], [25, 36, 17, 13], [25, 36, 17, 13]]
Round : 48 Min : 211 - Population : [[40, 36, 18, 13], [40, 36, 18, 13], [40, 36, 18, 13], [40, 36, 18, 13], [40, 36, 18, 13], [40, 36, 18, 13]]
Round : 49 Min : 182 - Population : [[7, 28, 41, 13], [7, 28, 41, 13], [7, 28, 41, 13], [7, 28, 41, 13], [7, 28, 41, 13], [7, 28, 41, 13]]
Round : 50 Min : 192 - Population : [[10, 28, 41, 11], [10, 28, 41, 11], [10, 28, 41, 11], [10, 28, 41, 11], [10, 28, 41, 11], [10, 28, 41, 11]]
Round : 51 Min : 24 - Population : [[26, 5, 5, 11], [26, 5, 5, 11], [26, 5, 5, 11], [26, 5, 5, 11], [26, 5, 5, 11], [26, 5, 5, 11]]
Round : 52 Min : 158 - Population : [[36, 23, 19, 11], [36, 23, 19, 11], [36, 23, 19, 11], [36, 23, 19, 11], [36, 23, 19, 11], [36, 23, 19, 11]]
Round : 53 Min : 127 - Population : [[14, 39, 2, 11], [14, 39, 2, 11], [14, 39, 2, 11], [14, 39, 2, 11], [14, 39, 2, 11], [14, 39, 2, 11]]
Round : 54 Min : 33 - Population : [[14, 30, 2, 40], [14, 30, 2, 40], [14, 30, 2, 40], [14, 30, 2, 40], [14, 30, 2, 40], [14, 30, 2, 40]]
Round : 55 Min : 33 - Population : [[14, 30, 2, 40], [14, 30, 2, 40], [14, 30, 2, 40], [14, 30, 2, 40], [14, 30, 2, 40], [14, 30, 2, 40]]
Round : 56 Min : 84 - Population : [[32, 18, 23, 40], [32, 18, 23, 40], [32, 18, 23, 40], [32, 18, 23, 40], [32, 18, 23, 40], [32, 18, 23, 40]]
Round : 57 Min : 168 - Population : [[33, 39, 23, 41], [33, 39, 23, 41], [33, 39, 23, 41], [33, 39, 23, 41], [33, 39, 23, 41], [33, 39, 23, 41]]
Round : 58 Min : 123 - Population : [[1, 34, 36, 41], [1, 34, 36, 41], [1, 34, 36, 41], [1, 34, 36, 41], [1, 34, 36, 41], [1, 34, 36, 41]]
Round : 59 Min : 182 - Population : [[35, 34, 33, 41], [35, 34, 33, 41], [35, 34, 33, 41], [35, 34, 33, 41], [35, 34, 33, 41], [35, 34, 33, 41]]
Round : 60 Min : 136 - Population : [[18, 31, 33, 41], [18, 31, 33, 41], [18, 31, 33, 41], [18, 31, 33, 41], [18, 31, 33, 41], [18, 31, 33, 41]]
Round : 61 Min : 136 - Population : [[18, 31, 33, 41], [18, 31, 33, 41], [18, 31, 33, 41], [18, 31, 33, 41], [18, 31, 33, 41], [18, 31, 33, 41]]
Round : 62 Min : 114 - Population : [[36, 31, 5, 28], [36, 31, 5, 28], [36, 31, 5, 28], [36, 31, 5, 28], [36, 31, 5, 28], [36, 31, 5, 28]]
Round : 63 Min : 37 - Population : [[36, 1, 4, 5], [36, 1, 4, 5], [36, 1, 4, 5], [36, 1, 4, 5], [36, 
1, 4, 5], [36, 1, 4, 5]]
Round : 64 Min : 13 - Population : [[1, 18, 4, 16], [1, 18, 4, 16], [1, 18, 4, 16], [1, 18, 4, 16], [1, 18, 4, 16], [1, 18, 4, 16]]
Round : 65 Min : 13 - Population : [[1, 18, 4, 16], [1, 18, 4, 16], [1, 18, 4, 16], [1, 18, 4, 16], [1, 18, 4, 16], [1, 18, 4, 16]]
Round : 66 Min : 13 - Population : [[1, 18, 4, 16], [1, 18, 4, 16], [1, 18, 4, 16], [1, 18, 4, 16], [1, 18, 4, 16], [1, 18, 4, 16]]
Round : 67 Min : 150 - Population : [[41, 18, 19, 10], [41, 18, 19, 10], [41, 18, 19, 10], [41, 18, 19, 10], [41, 18, 19, 10], [41, 18, 19, 10]]
Round : 68 Min : 289 - Population : [[41, 40, 36, 10], [41, 40, 36, 10], [41, 40, 36, 10], [41, 40, 36, 10], [41, 40, 36, 10], [41, 40, 36, 10]]
Round : 69 Min : 80 - Population : [[41, 5, 23, 25], [41, 5, 23, 25], [41, 5, 23, 25], [41, 5, 23, 25], [41, 5, 23, 25], [41, 5, 23, 25]]
Round : 70 Min : 92 - Population : [[40, 5, 25, 21], [40, 5, 25, 21], [40, 5, 25, 21], [40, 5, 25, 21], [40, 5, 25, 21], [40, 5, 25, 21]]
Round : 71 Min : 153 - Population : [[38, 5, 36, 5], [38, 5, 36, 5], [38, 5, 36, 5], [38, 5, 36, 5], 
[38, 5, 36, 5], [38, 5, 36, 5]]
Round : 72 Min : 197 - Population : [[38, 34, 36, 41], [38, 34, 36, 41], [38, 34, 36, 41], [38, 34, 36, 41], [38, 34, 36, 41], [38, 34, 36, 41]]
Round : 73 Min : 181 - Population : [[37, 22, 36, 24], [37, 22, 36, 24], [37, 22, 36, 24], [37, 22, 36, 24], [37, 22, 36, 24], [37, 22, 36, 24]]
Round : 74 Min : 181 - Population : [[37, 22, 36, 24], [37, 22, 36, 24], [37, 22, 36, 24], [37, 22, 36, 24], [37, 22, 36, 24], [37, 22, 36, 24]]
Round : 75 Min : 102 - Population : [[20, 22, 11, 9], [20, 22, 11, 9], [20, 22, 11, 9], [20, 22, 11, 
9], [20, 22, 11, 9], [20, 22, 11, 9]]
Round : 76 Min : 128 - Population : [[19, 29, 11, 9], [19, 29, 11, 9], [19, 29, 11, 9], [19, 29, 11, 
9], [19, 29, 11, 9], [19, 29, 11, 9]]
Round : 77 Min : 116 - Population : [[22, 32, 1, 9], [22, 32, 1, 9], [22, 32, 1, 9], [22, 32, 1, 9], 
[22, 32, 1, 9], [22, 32, 1, 9]]
Round : 78 Min : 140 - Population : [[21, 37, 1, 6], [21, 37, 1, 6], [21, 37, 1, 6], [21, 37, 1, 6], 
[21, 37, 1, 6], [21, 37, 1, 6]]
Round : 79 Min : 237 - Population : [[40, 36, 22, 6], [40, 36, 22, 6], [40, 36, 22, 6], [40, 36, 22, 
6], [40, 36, 22, 6], [40, 36, 22, 6]]
Round : 80 Min : 191 - Population : [[29, 36, 14, 6], [29, 36, 14, 6], [29, 36, 14, 6], [29, 36, 14, 
6], [29, 36, 14, 6], [29, 36, 14, 6]]
Round : 81 Min : 181 - Population : [[20, 37, 14, 4], [20, 37, 14, 4], [20, 37, 14, 4], [20, 37, 14, 
4], [20, 37, 14, 4], [20, 37, 14, 4]]
Round : 82 Min : 118 - Population : [[36, 2, 29, 4], [36, 2, 29, 4], [36, 2, 29, 4], [36, 2, 29, 4], 
[36, 2, 29, 4], [36, 2, 29, 4]]
Round : 83 Min : 47 - Population : [[5, 2, 26, 4], [5, 2, 26, 4], [5, 2, 26, 4], [5, 2, 26, 4], [5, 2, 26, 4], [5, 2, 26, 4]]
Round : 84 Min : 93 - Population : [[27, 2, 26, 3], [27, 2, 26, 3], [27, 2, 26, 3], [27, 2, 26, 3], [27, 2, 26, 3], [27, 2, 26, 3]]
Round : 85 Min : 170 - Population : [[27, 35, 17, 17], [27, 35, 17, 17], [27, 35, 17, 17], [27, 35, 17, 17], [27, 35, 17, 17], [27, 35, 17, 17]]
Round : 86 Min : 72 - Population : [[27, 20, 17, 36], [27, 20, 17, 36], [27, 20, 17, 36], [27, 20, 17, 36], [27, 20, 17, 36], [27, 20, 17, 36]]
Round : 87 Min : 107 - Population : [[8, 19, 20, 2], [8, 19, 20, 2], [8, 19, 20, 2], [8, 19, 20, 2], 
[8, 19, 20, 2], [8, 19, 20, 2]]
Round : 88 Min : 141 - Population : [[26, 19, 20, 3], [26, 19, 20, 3], [26, 19, 20, 3], [26, 19, 20, 
3], [26, 19, 20, 3], [26, 19, 20, 3]]
Round : 89 Min : 141 - Population : [[26, 19, 20, 3], [26, 19, 20, 3], [26, 19, 20, 3], [26, 19, 20, 
3], [26, 19, 20, 3], [26, 19, 20, 3]]
Round : 90 Min : 121 - Population : [[40, 7, 20, 3], [40, 7, 20, 3], [40, 7, 20, 3], [40, 7, 20, 3], 
[40, 7, 20, 3], [40, 7, 20, 3]]
Round : 91 Min : 146 - Population : [[40, 28, 25, 40], [40, 28, 25, 40], [40, 28, 25, 40], [40, 28, 25, 40], [40, 28, 25, 40], [40, 28, 25, 40]]
Round : 92 Min : 179 - Population : [[41, 28, 26, 26], [41, 28, 26, 26], [41, 28, 26, 26], [41, 28, 26, 26], [41, 28, 26, 26], [41, 28, 26, 26]]
Round : 93 Min : 127 - Population : [[10, 41, 12, 26], [10, 41, 12, 26], [10, 41, 12, 26], [10, 41, 12, 26], [10, 41, 12, 26], [10, 41, 12, 26]]
Round : 94 Min : 129 - Population : [[4, 41, 12, 19], [4, 41, 12, 19], [4, 41, 12, 19], [4, 41, 12, 19], [4, 41, 12, 19], [4, 41, 12, 19]]
Round : 95 Min : 101 - Population : [[28, 22, 12, 19], [28, 22, 12, 19], [28, 22, 12, 19], [28, 22, 12, 19], [28, 22, 12, 19], [28, 22, 12, 19]]
Round : 96 Min : 101 - Population : [[28, 22, 12, 19], [28, 22, 12, 19], [28, 22, 12, 19], [28, 22, 12, 19], [28, 22, 12, 19], [28, 22, 12, 19]]
Round : 97 Min : 119 - Population : [[28, 34, 12, 34], [28, 34, 12, 34], [28, 34, 12, 34], [28, 34, 12, 34], [28, 34, 12, 34], [28, 34, 12, 34]]
Round : 98 Min : 85 - Population : [[18, 32, 10, 34], [18, 32, 10, 34], [18, 32, 10, 34], [18, 32, 10, 34], [18, 32, 10, 34], [18, 32, 10, 34]]
Round : 99 Min : 57 - Population : [[18, 19, 18, 34], [18, 19, 18, 34], [18, 19, 18, 34], [18, 19, 18, 34], [18, 19, 18, 34], [18, 19, 18, 34]]
Round : 100 Min : 57 - Population : [[18, 19, 18, 34], [18, 19, 18, 34], [18, 19, 18, 34], [18, 19, 18, 34], [18, 19, 18, 34], [18, 19, 18, 34]]
Round : 101 Min : 157 - Population : [[26, 26, 18, 6], [26, 26, 18, 6], [26, 26, 18, 6], [26, 26, 18, 6], [26, 26, 18, 6], [26, 26, 18, 6]]
Round : 102 Min : 139 - Population : [[23, 26, 34, 36], [23, 26, 34, 36], [23, 26, 34, 36], [23, 26, 
34, 36], [23, 26, 34, 36], [23, 26, 34, 36]]
Round : 103 Min : 139 - Population : [[23, 26, 34, 36], [23, 26, 34, 36], [23, 26, 34, 36], [23, 26, 
34, 36], [23, 26, 34, 36], [23, 26, 34, 36]]
Round : 104 Min : 186 - Population : [[41, 26, 35, 32], [41, 26, 35, 32], [41, 26, 35, 32], [41, 26, 
35, 32], [41, 26, 35, 32], [41, 26, 35, 32]]
Round : 105 Min : 186 - Population : [[41, 26, 35, 32], [41, 26, 35, 32], [41, 26, 35, 32], [41, 26, 
35, 32], [41, 26, 35, 32], [41, 26, 35, 32]]
Round : 106 Min : 226 - Population : [[30, 27, 35, 3], [30, 27, 35, 3], [30, 27, 35, 3], [30, 27, 35, 3], [30, 27, 35, 3], [30, 27, 35, 3]]
Round : 107 Min : 67 - Population : [[30, 8, 30, 37], [30, 8, 30, 37], [30, 8, 30, 37], [30, 8, 30, 37], [30, 8, 30, 37], [30, 8, 30, 37]]
Round : 108 Min : 67 - Population : [[30, 8, 30, 37], [30, 8, 30, 37], [30, 8, 30, 37], [30, 8, 30, 37], [30, 8, 30, 37], [30, 8, 30, 37]]
Round : 109 Min : 3 - Population : [[2, 8, 30, 41], [2, 8, 30, 41], [2, 8, 30, 41], [2, 8, 30, 41], [2, 8, 30, 41], [2, 8, 30, 41]]
Round : 110 Min : 52 - Population : [[2, 8, 41, 33], [2, 8, 41, 33], [2, 8, 41, 33], [2, 8, 41, 33], 
[2, 8, 41, 33], [2, 8, 41, 33]]
Round : 111 Min : 50 - Population : [[2, 8, 41, 34], [2, 8, 41, 34], [2, 8, 41, 34], [2, 8, 41, 34], 
[2, 8, 41, 34], [2, 8, 41, 34]]
Round : 112 Min : 178 - Population : [[40, 21, 41, 34], [40, 21, 41, 34], [40, 21, 41, 34], [40, 21, 
41, 34], [40, 21, 41, 34], [40, 21, 41, 34]]
Round : 113 Min : 12 - Population : [[3, 13, 13, 34], [3, 13, 13, 34], [3, 13, 13, 34], [3, 13, 13, 34], [3, 13, 13, 34], [3, 13, 13, 34]]
Round : 114 Min : 86 - Population : [[16, 13, 21, 10], [16, 13, 21, 10], [16, 13, 21, 10], [16, 13, 21, 10], [16, 13, 21, 10], [16, 13, 21, 10]]
Round : 115 Min : 125 - Population : [[11, 14, 36, 10], [11, 14, 36, 10], [11, 14, 36, 10], [11, 14, 
36, 10], [11, 14, 36, 10], [11, 14, 36, 10]]
Round : 116 Min : 125 - Population : [[11, 14, 36, 10], [11, 14, 36, 10], [11, 14, 36, 10], [11, 14, 
36, 10], [11, 14, 36, 10], [11, 14, 36, 10]]
Round : 117 Min : 144 - Population : [[5, 33, 37, 34], [5, 33, 37, 34], [5, 33, 37, 34], [5, 33, 37, 
34], [5, 33, 37, 34], [5, 33, 37, 34]]
Round : 118 Min : 144 - Population : [[5, 33, 37, 34], [5, 33, 37, 34], [5, 33, 37, 34], [5, 33, 37, 
34], [5, 33, 37, 34], [5, 33, 37, 34]]
Round : 119 Min : 36 - Population : [[5, 33, 1, 34], [5, 33, 1, 34], [5, 33, 1, 34], [5, 33, 1, 34], 
[5, 33, 1, 34], [5, 33, 1, 34]]
Round : 120 Min : 36 - Population : [[5, 33, 1, 34], [5, 33, 1, 34], [5, 33, 1, 34], [5, 33, 1, 34], 
[5, 33, 1, 34], [5, 33, 1, 34]]
Round : 121 Min : 155 - Population : [[5, 30, 40, 27], [5, 30, 40, 27], [5, 30, 40, 27], [5, 30, 40, 
27], [5, 30, 40, 27], [5, 30, 40, 27]]
Round : 122 Min : 73 - Population : [[5, 30, 10, 23], [5, 30, 10, 23], [5, 30, 10, 23], [5, 30, 10, 23], [5, 30, 10, 23], [5, 30, 10, 23]]
Round : 123 Min : 90 - Population : [[5, 25, 9, 3], [5, 25, 9, 3], [5, 25, 9, 3], [5, 25, 9, 3], [5, 
25, 9, 3], [5, 25, 9, 3]]
Round : 124 Min : 130 - Population : [[31, 36, 9, 31], [31, 36, 9, 31], [31, 36, 9, 31], [31, 36, 9, 
31], [31, 36, 9, 31], [31, 36, 9, 31]]
Round : 125 Min : 20 - Population : [[14, 7, 9, 31], [14, 7, 9, 31], [14, 7, 9, 31], [14, 7, 9, 31], 
[14, 7, 9, 31], [14, 7, 9, 31]]
Round : 126 Min : 100 - Population : [[14, 32, 9, 21], [14, 32, 9, 21], [14, 32, 9, 21], [14, 32, 9, 
21], [14, 32, 9, 21], [14, 32, 9, 21]]
Round : 127 Min : 4 - Population : [[14, 14, 9, 37], [14, 14, 9, 37], [14, 14, 9, 37], [14, 14, 9, 37], [14, 14, 9, 37], [14, 14, 9, 37]]
Round : 128 Min : 29 - Population : [[23, 1, 30, 35], [23, 1, 30, 35], [23, 1, 30, 35], [23, 1, 30, 35], [23, 1, 30, 35], [23, 1, 30, 35]]
Round : 129 Min : 15 - Population : [[23, 1, 8, 9], [23, 1, 8, 9], [23, 1, 8, 9], [23, 1, 8, 9], [23, 1, 8, 9], [23, 1, 8, 9]]
Round : 130 Min : 51 - Population : [[27, 8, 8, 9], [27, 8, 8, 9], [27, 8, 8, 9], [27, 8, 8, 9], [27, 8, 8, 9], [27, 8, 8, 9]]
Round : 131 Min : 51 - Population : [[27, 8, 8, 9], [27, 8, 8, 9], [27, 8, 8, 9], [27, 8, 8, 9], [27, 8, 8, 9], [27, 8, 8, 9]]
Round : 132 Min : 51 - Population : [[36, 8, 2, 9], [36, 8, 2, 9], [36, 8, 2, 9], [36, 8, 2, 9], [36, 8, 2, 9], [36, 8, 2, 9]]
Round : 133 Min : 195 - Population : [[36, 28, 28, 16], [36, 28, 28, 16], [36, 28, 28, 16], [36, 28, 
28, 16], [36, 28, 28, 16], [36, 28, 28, 16]]
Round : 134 Min : 81 - Population : [[30, 28, 10, 40], [30, 28, 10, 40], [30, 28, 10, 40], [30, 28, 10, 40], [30, 28, 10, 40], [30, 28, 10, 40]]
Round : 135 Min : 81 - Population : [[30, 28, 10, 40], [30, 28, 10, 40], [30, 28, 10, 40], [30, 28, 10, 40], [30, 28, 10, 40], [30, 28, 10, 40]]
Round : 136 Min : 143 - Population : [[24, 28, 10, 3], [24, 28, 10, 3], [24, 28, 10, 3], [24, 28, 10, 3], [24, 28, 10, 3], [24, 28, 10, 3]]
Round : 137 Min : 105 - Population : [[5, 19, 22, 3], [5, 19, 22, 3], [5, 19, 22, 3], [5, 19, 22, 3], [5, 19, 22, 3], [5, 19, 22, 3]]
Round : 138 Min : 170 - Population : [[5, 29, 35, 10], [5, 29, 35, 10], [5, 29, 35, 10], [5, 29, 35, 
10], [5, 29, 35, 10], [5, 29, 35, 10]]
Round : 139 Min : 154 - Population : [[5, 39, 31, 32], [5, 39, 31, 32], [5, 39, 31, 32], [5, 39, 31, 
32], [5, 39, 31, 32], [5, 39, 31, 32]]
Round : 140 Min : 131 - Population : [[5, 38, 26, 34], [5, 38, 26, 34], [5, 38, 26, 34], [5, 38, 26, 
34], [5, 38, 26, 34], [5, 38, 26, 34]]
Round : 141 Min : 47 - Population : [[11, 14, 26, 34], [11, 14, 26, 34], [11, 14, 26, 34], [11, 14, 26, 34], [11, 14, 26, 34], [11, 14, 26, 34]]
Round : 142 Min : 173 - Population : [[12, 36, 26, 16], [12, 36, 26, 16], [12, 36, 26, 16], [12, 36, 
26, 16], [12, 36, 26, 16], [12, 36, 26, 16]]
Round : 143 Min : 164 - Population : [[11, 32, 29, 16], [11, 32, 29, 16], [11, 32, 29, 16], [11, 32, 
29, 16], [11, 32, 29, 16], [11, 32, 29, 16]]
Round : 144 Min : 114 - Population : [[22, 14, 29, 16], [22, 14, 29, 16], [22, 14, 29, 16], [22, 14, 
29, 16], [22, 14, 29, 16], [22, 14, 29, 16]]
Round : 145 Min : 198 - Population : [[20, 36, 29, 16], [20, 36, 29, 16], [20, 36, 29, 16], [20, 36, 
29, 16], [20, 36, 29, 16], [20, 36, 29, 16]]
Round : 146 Min : 54 - Population : [[14, 21, 5, 16], [14, 21, 5, 16], [14, 21, 5, 16], [14, 21, 5, 16], [14, 21, 5, 16], [14, 21, 5, 16]]
Round : 147 Min : 182 - Population : [[20, 41, 17, 16], [20, 41, 17, 16], [20, 41, 17, 16], [20, 41, 
17, 16], [20, 41, 17, 16], [20, 41, 17, 16]]
Round : 148 Min : 12 - Population : [[5, 2, 17, 20], [5, 2, 17, 20], [5, 2, 17, 20], [5, 2, 17, 20], 
[5, 2, 17, 20], [5, 2, 17, 20]]
Round : 149 Min : 36 - Population : [[27, 2, 17, 18], [27, 2, 17, 18], [27, 2, 17, 18], [27, 2, 17, 18], [27, 2, 17, 18], [27, 2, 17, 18]]
Round : 150 Min : 162 - Population : [[10, 41, 17, 16], [10, 41, 17, 16], [10, 41, 17, 16], [10, 41, 
17, 16], [10, 41, 17, 16], [10, 41, 17, 16]]
Round : 151 Min : 189 - Population : [[10, 41, 28, 19], [10, 41, 28, 19], [10, 41, 28, 19], [10, 41, 
28, 19], [10, 41, 28, 19], [10, 41, 28, 19]]
Round : 152 Min : 131 - Population : [[6, 33, 28, 28], [6, 33, 28, 28], [6, 33, 28, 28], [6, 33, 28, 
28], [6, 33, 28, 28], [6, 33, 28, 28]]
Round : 153 Min : 131 - Population : [[6, 33, 28, 28], [6, 33, 28, 28], [6, 33, 28, 28], [6, 33, 28, 
28], [6, 33, 28, 28], [6, 33, 28, 28]]
Round : 154 Min : 29 - Population : [[6, 33, 2, 40], [6, 33, 2, 40], [6, 33, 2, 40], [6, 33, 2, 40], 
[6, 33, 2, 40], [6, 33, 2, 40]]
Round : 155 Min : 29 - Population : [[1, 9, 18, 40], [1, 9, 18, 40], [1, 9, 18, 40], [1, 9, 18, 40], 
[1, 9, 18, 40], [1, 9, 18, 40]]
Round : 156 Min : 154 - Population : [[39, 9, 37, 15], [39, 9, 37, 15], [39, 9, 37, 15], [39, 9, 37, 
15], [39, 9, 37, 15], [39, 9, 37, 15]]
Round : 157 Min : 64 - Population : [[11, 21, 7, 11], [11, 21, 7, 11], [11, 21, 7, 11], [11, 21, 7, 11], [11, 21, 7, 11], [11, 21, 7, 11]]
Round : 158 Min : 129 - Population : [[30, 30, 4, 11], [30, 30, 4, 11], [30, 30, 4, 11], [30, 30, 4, 
11], [30, 30, 4, 11], [30, 30, 4, 11]]
Round : 159 Min : 235 - Population : [[30, 34, 36, 14], [30, 34, 36, 14], [30, 34, 36, 14], [30, 34, 
36, 14], [30, 34, 36, 14], [30, 34, 36, 14]]
Round : 160 Min : 235 - Population : [[30, 34, 36, 14], [30, 34, 36, 14], [30, 34, 36, 14], [30, 34, 
36, 14], [30, 34, 36, 14], [30, 34, 36, 14]]
Round : 161 Min : 113 - Population : [[30, 34, 12, 39], [30, 34, 12, 39], [30, 34, 12, 39], [30, 34, 
12, 39], [30, 34, 12, 39], [30, 34, 12, 39]]
Round : 162 Min : 165 - Population : [[34, 39, 12, 27], [34, 39, 12, 27], [34, 39, 12, 27], [34, 39, 
12, 27], [34, 39, 12, 27], [34, 39, 12, 27]]
Round : 163 Min : 175 - Population : [[34, 28, 30, 27], [34, 28, 30, 27], [34, 28, 30, 27], [34, 28, 
30, 27], [34, 28, 30, 27], [34, 28, 30, 27]]
Round : 164 Min : 58 - Population : [[17, 9, 31, 32], [17, 9, 31, 32], [17, 9, 31, 32], [17, 9, 31, 32], [17, 9, 31, 32], [17, 9, 31, 32]]
Round : 165 Min : 48 - Population : [[40, 1, 23, 32], [40, 1, 23, 32], [40, 1, 23, 32], [40, 1, 23, 32], [40, 1, 23, 32], [40, 1, 23, 32]]
Round : 166 Min : 81 - Population : [[3, 27, 24, 32], [3, 27, 24, 32], [3, 27, 24, 32], [3, 27, 24, 32], [3, 27, 24, 32], [3, 27, 24, 32]]
Round : 167 Min : 43 - Population : [[14, 8, 24, 24], [14, 8, 24, 24], [14, 8, 24, 24], [14, 8, 24, 24], [14, 8, 24, 24], [14, 8, 24, 24]]
Round : 168 Min : 103 - Population : [[12, 8, 40, 16], [12, 8, 40, 16], [12, 8, 40, 16], [12, 8, 40, 
16], [12, 8, 40, 16], [12, 8, 40, 16]]
Round : 169 Min : 212 - Population : [[25, 28, 41, 16], [25, 28, 41, 16], [25, 28, 41, 16], [25, 28, 
41, 16], [25, 28, 41, 16], [25, 28, 41, 16]]
Round : 170 Min : 38 - Population : [[2, 17, 13, 16], [2, 17, 13, 16], [2, 17, 13, 16], [2, 17, 13, 16], [2, 17, 13, 16], [2, 17, 13, 16]]
Round : 171 Min : 8 - Population : [[11, 17, 3, 33], [11, 17, 3, 33], [11, 17, 3, 33], [11, 17, 3, 33], [11, 17, 3, 33], [11, 17, 3, 33]]
Round : 172 Min : 137 - Population : [[16, 17, 38, 18], [16, 17, 38, 18], [16, 17, 38, 18], [16, 17, 
38, 18], [16, 17, 38, 18], [16, 17, 38, 18]]
Round : 173 Min : 91 - Population : [[14, 17, 24, 18], [14, 17, 24, 18], [14, 17, 24, 18], [14, 17, 24, 18], [14, 17, 24, 18], [14, 17, 24, 18]]
Round : 174 Min : 173 - Population : [[40, 25, 30, 28], [40, 25, 30, 28], [40, 25, 30, 28], [40, 25, 
30, 28], [40, 25, 30, 28], [40, 25, 30, 28]]
Round : 175 Min : 165 - Population : [[19, 28, 30, 17], [19, 28, 30, 17], [19, 28, 30, 17], [19, 28, 
30, 17], [19, 28, 30, 17], [19, 28, 30, 17]]
Round : 176 Min : 141 - Population : [[19, 25, 26, 17], [19, 25, 26, 17], [19, 25, 26, 17], [19, 25, 
26, 17], [19, 25, 26, 17], [19, 25, 26, 17]]
Round : 177 Min : 101 - Population : [[15, 17, 26, 17], [15, 17, 26, 17], [15, 17, 26, 17], [15, 17, 
26, 17], [15, 17, 26, 17], [15, 17, 26, 17]]
Round : 178 Min : 114 - Population : [[15, 33, 9, 17], [15, 33, 9, 17], [15, 33, 9, 17], [15, 33, 9, 
17], [15, 33, 9, 17], [15, 33, 9, 17]]
Round : 179 Min : 130 - Population : [[25, 28, 9, 9], [25, 28, 9, 9], [25, 28, 9, 9], [25, 28, 9, 9], [25, 28, 9, 9], [25, 28, 9, 9]]
Round : 180 Min : 201 - Population : [[14, 28, 40, 9], [14, 28, 40, 9], [14, 28, 40, 9], [14, 28, 40, 9], [14, 28, 40, 9], [14, 28, 40, 9]]
Round : 181 Min : 76 - Population : [[14, 20, 27, 36], [14, 20, 27, 36], [14, 20, 27, 36], [14, 20, 27, 36], [14, 20, 27, 36], [14, 20, 27, 36]]
Round : 182 Min : 124 - Population : [[41, 38, 1, 36], [41, 38, 1, 36], [41, 38, 1, 36], [41, 38, 1, 
36], [41, 38, 1, 36], [41, 38, 1, 36]]
Round : 183 Min : 91 - Population : [[37, 25, 10, 36], [37, 25, 10, 36], [37, 25, 10, 36], [37, 25, 10, 36], [37, 25, 10, 36], [37, 25, 10, 36]]
Round : 184 Min : 167 - Population : [[29, 25, 24, 11], [29, 25, 24, 11], [29, 25, 24, 11], [29, 25, 
24, 11], [29, 25, 24, 11], [29, 25, 24, 11]]
Round : 185 Min : 129 - Population : [[29, 25, 6, 3], [29, 25, 6, 3], [29, 25, 6, 3], [29, 25, 6, 3], [29, 25, 6, 3], [29, 25, 6, 3]]
Round : 186 Min : 38 - Population : [[1, 11, 13, 3], [1, 11, 13, 3], [1, 11, 13, 3], [1, 11, 13, 3], 
[1, 11, 13, 3], [1, 11, 13, 3]]
Round : 187 Min : 38 - Population : [[1, 11, 13, 3], [1, 11, 13, 3], [1, 11, 13, 3], [1, 11, 13, 3], 
[1, 11, 13, 3], [1, 11, 13, 3]]
Round : 188 Min : 40 - Population : [[31, 11, 13, 32], [31, 11, 13, 32], [31, 11, 13, 32], [31, 11, 13, 32], [31, 11, 13, 32], [31, 11, 13, 32]]
Round : 189 Min : 85 - Population : [[31, 11, 26, 29], [31, 11, 26, 29], [31, 11, 26, 29], [31, 11, 26, 29], [31, 11, 26, 29], [31, 11, 26, 29]]
Round : 190 Min : 85 - Population : [[31, 11, 26, 29], [31, 11, 26, 29], [31, 11, 26, 29], [31, 11, 26, 29], [31, 11, 26, 29], [31, 11, 26, 29]]
Round : 191 Min : 53 - Population : [[31, 16, 8, 28], [31, 16, 8, 28], [31, 16, 8, 28], [31, 16, 8, 28], [31, 16, 8, 28], [31, 16, 8, 28]]
Round : 192 Min : 36 - Population : [[22, 16, 13, 35], [22, 16, 13, 35], [22, 16, 13, 35], [22, 16, 13, 35], [22, 16, 13, 35], [22, 16, 13, 35]]
Round : 193 Min : 48 - Population : [[22, 21, 13, 39], [22, 21, 13, 39], [22, 21, 13, 39], [22, 21, 13, 39], [22, 21, 13, 39], [22, 21, 13, 39]]
Round : 194 Min : 2 - Population : [[13, 8, 13, 29], [13, 8, 13, 29], [13, 8, 13, 29], [13, 8, 13, 29], [13, 8, 13, 29], [13, 8, 13, 29]]
Round : 195 Min : 2 - Population : [[13, 8, 13, 29], [13, 8, 13, 29], [13, 8, 13, 29], [13, 8, 13, 29], [13, 8, 13, 29], [13, 8, 13, 29]]
Round : 196 Min : 2 - Population : [[13, 8, 13, 29], [13, 8, 13, 29], [13, 8, 13, 29], [13, 8, 13, 29], [13, 8, 13, 29], [13, 8, 13, 29]]
Round : 197 Min : 148 - Population : [[34, 33, 13, 25], [34, 33, 13, 25], [34, 33, 13, 25], [34, 33, 
13, 25], [34, 33, 13, 25], [34, 33, 13, 25]]
Round : 198 Min : 104 - Population : [[34, 15, 21, 23], [34, 15, 21, 23], [34, 15, 21, 23], [34, 15, 
21, 23], [34, 15, 21, 23], [34, 15, 21, 23]]
Round : 199 Min : 182 - Population : [[33, 28, 21, 9], [33, 28, 21, 9], [33, 28, 21, 9], [33, 28, 21, 9], [33, 28, 21, 9], [33, 28, 21, 9]]
Round : 200 Min : 172 - Population : [[37, 8, 37, 2], [37, 8, 37, 2], [37, 8, 37, 2], [37, 8, 37, 2], [37, 8, 37, 2], [37, 8, 37, 2]]
Round : 201 Min : 132 - Population : [[16, 16, 37, 17], [16, 16, 37, 17], [16, 16, 37, 17], [16, 16, 
37, 17], [16, 16, 37, 17], [16, 16, 37, 17]]
Round : 202 Min : 84 - Population : [[28, 16, 13, 17], [28, 16, 13, 17], [28, 16, 13, 17], [28, 16, 13, 17], [28, 16, 13, 17], [28, 16, 13, 17]]
Round : 203 Min : 103 - Population : [[28, 16, 30, 33], [28, 16, 30, 33], [28, 16, 30, 33], [28, 16, 
30, 33], [28, 16, 30, 33], [28, 16, 30, 33]]
Round : 204 Min : 142 - Population : [[28, 18, 41, 34], [28, 18, 41, 34], [28, 18, 41, 34], [28, 18, 
41, 34], [28, 18, 41, 34], [28, 18, 41, 34]]
Round : 205 Min : 61 - Population : [[4, 18, 30, 34], [4, 18, 30, 34], [4, 18, 30, 34], [4, 18, 30, 34], [4, 18, 30, 34], [4, 18, 30, 34]]
Round : 206 Min : 72 - Population : [[25, 13, 25, 32], [25, 13, 25, 32], [25, 13, 25, 32], [25, 13, 25, 32], [25, 13, 25, 32], [25, 13, 25, 32]]
Round : 207 Min : 150 - Population : [[29, 34, 25, 39], [29, 34, 25, 39], [29, 34, 25, 39], [29, 34, 
25, 39], [29, 34, 25, 39], [29, 34, 25, 39]]
Round : 208 Min : 160 - Population : [[26, 39, 25, 41], [26, 39, 25, 41], [26, 39, 25, 41], [26, 39, 
25, 41], [26, 39, 25, 41], [26, 39, 25, 41]]
Round : 209 Min : 60 - Population : [[7, 15, 25, 24], [7, 15, 25, 24], [7, 15, 25, 24], [7, 15, 25, 24], [7, 15, 25, 24], [7, 15, 25, 24]]
Round : 210 Min : 60 - Population : [[7, 15, 25, 24], [7, 15, 25, 24], [7, 15, 25, 24], [7, 15, 25, 24], [7, 15, 25, 24], [7, 15, 25, 24]]
Round : 211 Min : 104 - Population : [[37, 2, 25, 6], [37, 2, 25, 6], [37, 2, 25, 6], [37, 2, 25, 6], [37, 2, 25, 6], [37, 2, 25, 6]]
Round : 212 Min : 111 - Population : [[37, 22, 22, 38], [37, 22, 22, 38], [37, 22, 22, 38], [37, 22, 
22, 38], [37, 22, 22, 38], [37, 22, 22, 38]]
Round : 213 Min : 17 - Population : [[14, 11, 22, 40], [14, 11, 22, 40], [14, 11, 22, 40], [14, 11, 22, 40], [14, 11, 22, 40], [14, 11, 22, 40]]
Round : 214 Min : 17 - Population : [[14, 11, 22, 40], [14, 11, 22, 40], [14, 11, 22, 40], [14, 11, 22, 40], [14, 11, 22, 40], [14, 11, 22, 40]]
Round : 215 Min : 73 - Population : [[11, 11, 22, 9], [11, 11, 22, 9], [11, 11, 22, 9], [11, 11, 22, 
9], [11, 11, 22, 9], [11, 11, 22, 9]]
Round : 216 Min : 111 - Population : [[36, 11, 22, 15], [36, 11, 22, 15], [36, 11, 22, 15], [36, 11, 
22, 15], [36, 11, 22, 15], [36, 11, 22, 15]]
Round : 217 Min : 71 - Population : [[16, 11, 22, 15], [16, 11, 22, 15], [16, 11, 22, 15], [16, 11, 22, 15], [16, 11, 22, 15], [16, 11, 22, 15]]
Round : 218 Min : 71 - Population : [[10, 11, 26, 15], [10, 11, 26, 15], [10, 11, 26, 15], [10, 11, 26, 15], [10, 11, 26, 15], [10, 11, 26, 15]]
Round : 219 Min : 145 - Population : [[33, 24, 18, 15], [33, 24, 18, 15], [33, 24, 18, 15], [33, 24, 
18, 15], [33, 24, 18, 15], [33, 24, 18, 15]]
Round : 220 Min : 131 - Population : [[33, 18, 18, 10], [33, 18, 18, 10], [33, 18, 18, 10], [33, 18, 
18, 10], [33, 18, 18, 10], [33, 18, 18, 10]]
Round : 221 Min : 155 - Population : [[5, 38, 18, 10], [5, 38, 18, 10], [5, 38, 18, 10], [5, 38, 18, 
10], [5, 38, 18, 10], [5, 38, 18, 10]]
Round : 222 Min : 155 - Population : [[5, 29, 26, 4], [5, 29, 26, 4], [5, 29, 26, 4], [5, 29, 26, 4], [5, 29, 26, 4], [5, 29, 26, 4]]
Round : 223 Min : 114 - Population : [[20, 29, 15, 23], [20, 29, 15, 23], [20, 29, 15, 23], [20, 29, 
15, 23], [20, 29, 15, 23], [20, 29, 15, 23]]
Round : 224 Min : 64 - Population : [[16, 32, 1, 29], [16, 32, 1, 29], [16, 32, 1, 29], [16, 32, 1, 29], [16, 32, 1, 29], [16, 32, 1, 29]]
Round : 225 Min : 182 - Population : [[16, 36, 35, 29], [16, 36, 35, 29], [16, 36, 35, 29], [16, 36, 
35, 29], [16, 36, 35, 29], [16, 36, 35, 29]]
Round : 226 Min : 170 - Population : [[10, 36, 35, 29], [10, 36, 35, 29], [10, 36, 35, 29], [10, 36, 
35, 29], [10, 36, 35, 29], [10, 36, 35, 29]]
Round : 227 Min : 169 - Population : [[10, 36, 34, 28], [10, 36, 34, 28], [10, 36, 34, 28], [10, 36, 
34, 28], [10, 36, 34, 28], [10, 36, 34, 28]]
Round : 228 Min : 88 - Population : [[12, 36, 13, 39], [12, 36, 13, 39], [12, 36, 13, 39], [12, 36, 13, 39], [12, 36, 13, 39], [12, 36, 13, 39]]
Round : 229 Min : 197 - Population : [[25, 41, 30, 33], [25, 41, 30, 33], [25, 41, 30, 33], [25, 41, 
30, 33], [25, 41, 30, 33], [25, 41, 30, 33]]
Round : 230 Min : 72 - Population : [[1, 21, 31, 33], [1, 21, 31, 33], [1, 21, 31, 33], [1, 21, 31, 33], [1, 21, 31, 33], [1, 21, 31, 33]]
Round : 231 Min : 95 - Population : [[1, 20, 40, 33], [1, 20, 40, 33], [1, 20, 40, 33], [1, 20, 40, 33], [1, 20, 40, 33], [1, 20, 40, 33]]
Round : 232 Min : 172 - Population : [[27, 20, 39, 19], [27, 20, 39, 19], [27, 20, 39, 19], [27, 20, 
39, 19], [27, 20, 39, 19], [27, 20, 39, 19]]
Round : 233 Min : 212 - Population : [[27, 28, 39, 15], [27, 28, 39, 15], [27, 28, 39, 15], [27, 28, 
39, 15], [27, 28, 39, 15], [27, 28, 39, 15]]
Round : 234 Min : 105 - Population : [[8, 28, 16, 15], [8, 28, 16, 15], [8, 28, 16, 15], [8, 28, 16, 
15], [8, 28, 16, 15], [8, 28, 16, 15]]
Round : 235 Min : 171 - Population : [[32, 28, 22, 15], [32, 28, 22, 15], [32, 28, 22, 15], [32, 28, 
22, 15], [32, 28, 22, 15], [32, 28, 22, 15]]
Round : 236 Min : 145 - Population : [[26, 28, 16, 13], [26, 28, 16, 13], [26, 28, 16, 13], [26, 28, 
16, 13], [26, 28, 16, 13], [26, 28, 16, 13]]
Round : 237 Min : 145 - Population : [[24, 29, 16, 13], [24, 29, 16, 13], [24, 29, 16, 13], [24, 29, 
16, 13], [24, 29, 16, 13], [24, 29, 16, 13]]
Round : 238 Min : 102 - Population : [[24, 22, 11, 13], [24, 22, 11, 13], [24, 22, 11, 13], [24, 22, 
11, 13], [24, 22, 11, 13], [24, 22, 11, 13]]
Round : 239 Min : 48 - Population : [[6, 13, 11, 4], [6, 13, 11, 4], [6, 13, 11, 4], [6, 13, 11, 4], 
[6, 13, 11, 4], [6, 13, 11, 4]]
Round : 240 Min : 52 - Population : [[38, 13, 11, 34], [38, 13, 11, 34], [38, 13, 11, 34], [38, 13, 11, 34], [38, 13, 11, 34], [38, 13, 11, 34]]
Round : 241 Min : 49 - Population : [[38, 13, 10, 34], [38, 13, 10, 34], [38, 13, 10, 34], [38, 13, 10, 34], [38, 13, 10, 34], [38, 13, 10, 34]]
Round : 242 Min : 15 - Population : [[9, 16, 4, 34], [9, 16, 4, 34], [9, 16, 4, 34], [9, 16, 4, 34], 
[9, 16, 4, 34], [9, 16, 4, 34]]
Round : 243 Min : 154 - Population : [[9, 32, 39, 34], [9, 32, 39, 34], [9, 32, 39, 34], [9, 32, 39, 
34], [9, 32, 39, 34], [9, 32, 39, 34]]
Round : 244 Min : 100 - Population : [[9, 5, 39, 7], [9, 5, 39, 7], [9, 5, 39, 7], [9, 5, 39, 7], [9, 5, 39, 7], [9, 5, 39, 7]]
Round : 245 Min : 128 - Population : [[9, 18, 31, 7], [9, 18, 31, 7], [9, 18, 31, 7], [9, 18, 31, 7], [9, 18, 31, 7], [9, 18, 31, 7]]
Round : 246 Min : 6 - Population : [[9, 18, 9, 41], [9, 18, 9, 41], [9, 18, 9, 41], [9, 18, 9, 41], [9, 18, 9, 41], [9, 18, 9, 41]]
Round : 247 Min : 66 - Population : [[9, 18, 9, 5], [9, 18, 9, 5], [9, 18, 9, 5], [9, 18, 9, 5], [9, 
18, 9, 5], [9, 18, 9, 5]]
Round : 248 Min : 47 - Population : [[10, 2, 32, 18], [10, 2, 32, 18], [10, 2, 32, 18], [10, 2, 32, 18], [10, 2, 32, 18], [10, 2, 32, 18]]
Round : 249 Min : 21 - Population : [[10, 2, 38, 40], [10, 2, 38, 40], [10, 2, 38, 40], [10, 2, 38, 40], [10, 2, 38, 40], [10, 2, 38, 40]]
Round : 250 Min : 93 - Population : [[10, 7, 34, 8], [10, 7, 34, 8], [10, 7, 34, 8], [10, 7, 34, 8], 
[10, 7, 34, 8], [10, 7, 34, 8]]
Round : 251 Min : 90 - Population : [[41, 14, 3, 8], [41, 14, 3, 8], [41, 14, 3, 8], [41, 14, 3, 8], 
[41, 14, 3, 8], [41, 14, 3, 8]]
Round : 252 Min : 169 - Population : [[41, 30, 12, 14], [41, 30, 12, 14], [41, 30, 12, 14], [41, 30, 
12, 14], [41, 30, 12, 14], [41, 30, 12, 14]]
Round : 253 Min : 152 - Population : [[41, 14, 27, 13], [41, 14, 27, 13], [41, 14, 27, 13], [41, 14, 
27, 13], [41, 14, 27, 13], [41, 14, 27, 13]]
Round : 254 Min : 88 - Population : [[41, 7, 15, 13], [41, 7, 15, 13], [41, 7, 15, 13], [41, 7, 15, 13], [41, 7, 15, 13], [41, 7, 15, 13]]
Round : 255 Min : 172 - Population : [[41, 36, 3, 11], [41, 36, 3, 11], [41, 36, 3, 11], [41, 36, 3, 
11], [41, 36, 3, 11], [41, 36, 3, 11]]
Round : 256 Min : 96 - Population : [[1, 36, 3, 9], [1, 36, 3, 9], [1, 36, 3, 9], [1, 36, 3, 9], [1, 
36, 3, 9], [1, 36, 3, 9]]
Round : 257 Min : 18 - Population : [[40, 11, 3, 37], [40, 11, 3, 37], [40, 11, 3, 37], [40, 11, 3, 37], [40, 11, 3, 37], [40, 11, 3, 37]]
Round : 258 Min : 136 - Population : [[7, 26, 29, 14], [7, 26, 29, 14], [7, 26, 29, 14], [7, 26, 29, 
14], [7, 26, 29, 14], [7, 26, 29, 14]]
Round : 259 Min : 51 - Population : [[1, 4, 34, 14], [1, 4, 34, 14], [1, 4, 34, 14], [1, 4, 34, 14], 
[1, 4, 34, 14], [1, 4, 34, 14]]
Round : 260 Min : 82 - Population : [[3, 4, 3, 36], [3, 4, 3, 36], [3, 4, 3, 36], [3, 4, 3, 36], [3, 
4, 3, 36], [3, 4, 3, 36]]
Round : 261 Min : 71 - Population : [[3, 2, 36, 5], [3, 2, 36, 5], [3, 2, 36, 5], [3, 2, 36, 5], [3, 
2, 36, 5], [3, 2, 36, 5]]
Round : 262 Min : 66 - Population : [[11, 2, 29, 5], [11, 2, 29, 5], [11, 2, 29, 5], [11, 2, 29, 5], 
[11, 2, 29, 5], [11, 2, 29, 5]]
Round : 263 Min : 202 - Population : [[11, 40, 29, 13], [11, 40, 29, 13], [11, 40, 29, 13], [11, 40, 
29, 13], [11, 40, 29, 13], [11, 40, 29, 13]]
Round : 264 Min : 86 - Population : [[11, 11, 29, 13], [11, 11, 29, 13], [11, 11, 29, 13], [11, 11, 29, 13], [11, 11, 29, 13], [11, 11, 29, 13]]
Round : 265 Min : 72 - Population : [[22, 11, 17, 13], [22, 11, 17, 13], [22, 11, 17, 13], [22, 11, 17, 13], [22, 11, 17, 13], [22, 11, 17, 13]]
Round : 266 Min : 31 - Population : [[22, 4, 24, 30], [22, 4, 24, 30], [22, 4, 24, 30], [22, 4, 24, 30], [22, 4, 24, 30], [22, 4, 24, 30]]
Round : 267 Min : 117 - Population : [[21, 25, 24, 28], [21, 25, 24, 28], [21, 25, 24, 28], [21, 25, 
24, 28], [21, 25, 24, 28], [21, 25, 24, 28]]
Round : 268 Min : 68 - Population : [[21, 3, 37, 28], [21, 3, 37, 28], [21, 3, 37, 28], [21, 3, 37, 28], [21, 3, 37, 28], [21, 3, 37, 28]]
Round : 269 Min : 92 - Population : [[13, 13, 37, 28], [13, 13, 37, 28], [13, 13, 37, 28], [13, 13, 37, 28], [13, 13, 37, 28], [13, 13, 37, 28]]
Round : 270 Min : 170 - Population : [[18, 24, 37, 16], [18, 24, 37, 16], [18, 24, 37, 16], [18, 24, 
37, 16], [18, 24, 37, 16], [18, 24, 37, 16]]
Round : 271 Min : 111 - Population : [[41, 20, 8, 17], [41, 20, 8, 17], [41, 20, 8, 17], [41, 20, 8, 
17], [41, 20, 8, 17], [41, 20, 8, 17]]
Round : 272 Min : 73 - Population : [[41, 7, 24, 34], [41, 7, 24, 34], [41, 7, 24, 34], [41, 7, 24, 34], [41, 7, 24, 34], [41, 7, 24, 34]]
Round : 273 Min : 65 - Population : [[2, 19, 32, 35], [2, 19, 32, 35], [2, 19, 32, 35], [2, 19, 32, 35], [2, 19, 32, 35], [2, 19, 32, 35]]
Round : 274 Min : 84 - Population : [[2, 26, 7, 2], [2, 26, 7, 2], [2, 26, 7, 2], [2, 26, 7, 2], [2, 
26, 7, 2], [2, 26, 7, 2]]
Round : 275 Min : 34 - Population : [[2, 20, 7, 15], [2, 20, 7, 15], [2, 20, 7, 15], [2, 20, 7, 15], 
[2, 20, 7, 15], [2, 20, 7, 15]]
Round : 276 Min : 116 - Population : [[22, 20, 21, 15], [22, 20, 21, 15], [22, 20, 21, 15], [22, 20, 
21, 15], [22, 20, 21, 15], [22, 20, 21, 15]]
Round : 277 Min : 66 - Population : [[3, 17, 21, 15], [3, 17, 21, 15], [3, 17, 21, 15], [3, 17, 21, 15], [3, 17, 21, 15], [3, 17, 21, 15]]
Round : 278 Min : 131 - Population : [[3, 32, 20, 11], [3, 32, 20, 11], [3, 32, 20, 11], [3, 32, 20, 
11], [3, 32, 20, 11], [3, 32, 20, 11]]
Round : 279 Min : 204 - Population : [[28, 32, 23, 4], [28, 32, 23, 4], [28, 32, 23, 4], [28, 32, 23, 4], [28, 32, 23, 4], [28, 32, 23, 4]]
Round : 280 Min : 224 - Population : [[28, 38, 23, 6], [28, 38, 23, 6], [28, 38, 23, 6], [28, 38, 23, 6], [28, 38, 23, 6], [28, 38, 23, 6]]
Round : 281 Min : 88 - Population : [[8, 16, 19, 4], [8, 16, 19, 4], [8, 16, 19, 4], [8, 16, 19, 4], 
[8, 16, 19, 4], [8, 16, 19, 4]]
Round : 282 Min : 86 - Population : [[8, 22, 21, 20], [8, 22, 21, 20], [8, 22, 21, 20], [8, 22, 21, 20], [8, 22, 21, 20], [8, 22, 21, 20]]
Round : 283 Min : 19 - Population : [[8, 22, 6, 31], [8, 22, 6, 31], [8, 22, 6, 31], [8, 22, 6, 31], 
[8, 22, 6, 31], [8, 22, 6, 31]]
Round : 284 Min : 88 - Population : [[29, 22, 15, 31], [29, 22, 15, 31], [29, 22, 15, 31], [29, 22, 15, 31], [29, 22, 15, 31], [29, 22, 15, 31]]
Round : 285 Min : 8 - Population : [[2, 22, 1, 31], [2, 22, 1, 31], [2, 22, 1, 31], [2, 22, 1, 31], [2, 22, 1, 31], [2, 22, 1, 31]]
Round : 286 Min : 41 - Population : [[2, 20, 26, 40], [2, 20, 26, 40], [2, 20, 26, 40], [2, 20, 26, 40], [2, 20, 26, 40], [2, 20, 26, 40]]
Round : 287 Min : 148 - Population : [[11, 40, 29, 40], [11, 40, 29, 40], [11, 40, 29, 40], [11, 40, 
29, 40], [11, 40, 29, 40], [11, 40, 29, 40]]
Round : 288 Min : 179 - Population : [[16, 40, 36, 40], [16, 40, 36, 40], [16, 40, 36, 40], [16, 40, 
36, 40], [16, 40, 36, 40], [16, 40, 36, 40]]
Round : 289 Min : 213 - Population : [[25, 35, 36, 22], [25, 35, 36, 22], [25, 35, 36, 22], [25, 35, 
36, 22], [25, 35, 36, 22], [25, 35, 36, 22]]
Round : 290 Min : 159 - Population : [[12, 40, 26, 31], [12, 40, 26, 31], [12, 40, 26, 31], [12, 40, 
26, 31], [12, 40, 26, 31], [12, 40, 26, 31]]
Round : 291 Min : 64 - Population : [[33, 23, 3, 31], [33, 23, 3, 31], [33, 23, 3, 31], [33, 23, 3, 31], [33, 23, 3, 31], [33, 23, 3, 31]]
Round : 292 Min : 138 - Population : [[33, 23, 17, 15], [33, 23, 17, 15], [33, 23, 17, 15], [33, 23, 
17, 15], [33, 23, 17, 15], [33, 23, 17, 15]]
Round : 293 Min : 153 - Population : [[41, 39, 10, 37], [41, 39, 10, 37], [41, 39, 10, 37], [41, 39, 
10, 37], [41, 39, 10, 37], [41, 39, 10, 37]]
Round : 294 Min : 96 - Population : [[2, 39, 17, 37], [2, 39, 17, 37], [2, 39, 17, 37], [2, 39, 17, 37], [2, 39, 17, 37], [2, 39, 17, 37]]
Round : 295 Min : 101 - Population : [[2, 39, 16, 33], [2, 39, 16, 33], [2, 39, 16, 33], [2, 39, 16, 
33], [2, 39, 16, 33], [2, 39, 16, 33]]
Round : 296 Min : 101 - Population : [[2, 39, 16, 33], [2, 39, 16, 33], [2, 39, 16, 33], [2, 39, 16, 
33], [2, 39, 16, 33], [2, 39, 16, 33]]
Round : 297 Min : 80 - Population : [[2, 15, 31, 18], [2, 15, 31, 18], [2, 15, 31, 18], [2, 15, 31, 18], [2, 15, 31, 18], [2, 15, 31, 18]]
Round : 298 Min : 176 - Population : [[36, 22, 31, 18], [36, 22, 31, 18], [36, 22, 31, 18], [36, 22, 
31, 18], [36, 22, 31, 18], [36, 22, 31, 18]]
Round : 299 Min : 100 - Population : [[40, 7, 23, 18], [40, 7, 23, 18], [40, 7, 23, 18], [40, 7, 23, 
18], [40, 7, 23, 18], [40, 7, 23, 18]]
Round : 300 Min : 168 - Population : [[36, 5, 41, 3], [36, 5, 41, 3], [36, 5, 41, 3], [36, 5, 41, 3], [36, 5, 41, 3], [36, 5, 41, 3]]
Round : 301 Min : 36 - Population : [[2, 5, 19, 2], [2, 5, 19, 2], [2, 5, 19, 2], [2, 5, 19, 2], [2, 
5, 19, 2], [2, 5, 19, 2]]
Round : 302 Min : 94 - Population : [[6, 36, 19, 39], [6, 36, 19, 39], [6, 36, 19, 39], [6, 36, 19, 39], [6, 36, 19, 39], [6, 36, 19, 39]]
Round : 303 Min : 160 - Population : [[34, 36, 19, 34], [34, 36, 19, 34], [34, 36, 19, 34], [34, 36, 
19, 34], [34, 36, 19, 34], [34, 36, 19, 34]]
Round : 304 Min : 182 - Population : [[34, 39, 19, 29], [34, 39, 19, 29], [34, 39, 19, 29], [34, 39, 
19, 29], [34, 39, 19, 29], [34, 39, 19, 29]]
Round : 305 Min : 182 - Population : [[34, 39, 19, 29], [34, 39, 19, 29], [34, 39, 19, 29], [34, 39, 
19, 29], [34, 39, 19, 29], [34, 39, 19, 29]]
Round : 306 Min : 88 - Population : [[34, 2, 19, 2], [34, 2, 19, 2], [34, 2, 19, 2], [34, 2, 19, 2], 
[34, 2, 19, 2], [34, 2, 19, 2]]
Round : 307 Min : 182 - Population : [[3, 39, 39, 28], [3, 39, 39, 28], [3, 39, 39, 28], [3, 39, 39, 
28], [3, 39, 39, 28], [3, 39, 39, 28]]
Round : 308 Min : 172 - Population : [[27, 32, 29, 28], [27, 32, 29, 28], [27, 32, 29, 28], [27, 32, 
29, 28], [27, 32, 29, 28], [27, 32, 29, 28]]
Round : 309 Min : 122 - Population : [[22, 25, 25, 28], [22, 25, 25, 28], [22, 25, 25, 28], [22, 25, 
25, 28], [22, 25, 25, 28], [22, 25, 25, 28]]
Round : 310 Min : 119 - Population : [[16, 25, 32, 34], [16, 25, 32, 34], [16, 25, 32, 34], [16, 25, 
32, 34], [16, 25, 32, 34], [16, 25, 32, 34]]
Round : 311 Min : 65 - Population : [[16, 10, 34, 34], [16, 10, 34, 34], [16, 10, 34, 34], [16, 10, 34, 34], [16, 10, 34, 34], [16, 10, 34, 34]]
Round : 312 Min : 159 - Population : [[21, 41, 12, 21], [21, 41, 12, 21], [21, 41, 12, 21], [21, 41, 
12, 21], [21, 41, 12, 21], [21, 41, 12, 21]]
Round : 313 Min : 67 - Population : [[11, 2, 40, 21], [11, 2, 40, 21], [11, 2, 40, 21], [11, 2, 40, 21], [11, 2, 40, 21], [11, 2, 40, 21]]
Round : 314 Min : 49 - Population : [[41, 11, 2, 21], [41, 11, 2, 21], [41, 11, 2, 21], [41, 11, 2, 21], [41, 11, 2, 21], [41, 11, 2, 21]]
Round : 315 Min : 122 - Population : [[41, 11, 29, 25], [41, 11, 29, 25], [41, 11, 29, 25], [41, 11, 
29, 25], [41, 11, 29, 25], [41, 11, 29, 25]]
Round : 316 Min : 47 - Population : [[34, 16, 4, 28], [34, 16, 4, 28], [34, 16, 4, 28], [34, 16, 4, 28], [34, 16, 4, 28], [34, 16, 4, 28]]
Round : 317 Min : 95 - Population : [[36, 27, 4, 28], [36, 27, 4, 28], [36, 27, 4, 28], [36, 27, 4, 28], [36, 27, 4, 28], [36, 27, 4, 28]]
Round : 318 Min : 181 - Population : [[20, 27, 34, 14], [20, 27, 34, 14], [20, 27, 34, 14], [20, 27, 
34, 14], [20, 27, 34, 14], [20, 27, 34, 14]]
Round : 319 Min : 109 - Population : [[21, 27, 6, 9], [21, 27, 6, 9], [21, 27, 6, 9], [21, 27, 6, 9], [21, 27, 6, 9], [21, 27, 6, 9]]
Round : 320 Min : 109 - Population : [[21, 27, 6, 9], [21, 27, 6, 9], [21, 27, 6, 9], [21, 27, 6, 9], [21, 27, 6, 9], [21, 27, 6, 9]]
Round : 321 Min : 208 - Population : [[13, 37, 31, 9], [13, 37, 31, 9], [13, 37, 31, 9], [13, 37, 31, 9], [13, 37, 31, 9], [13, 37, 31, 9]]
Round : 322 Min : 50 - Population : [[13, 14, 15, 18], [13, 14, 15, 18], [13, 14, 15, 18], [13, 14, 15, 18], [13, 14, 15, 18], [13, 14, 15, 18]]
Round : 323 Min : 114 - Population : [[40, 14, 15, 13], [40, 14, 15, 13], [40, 14, 15, 13], [40, 14, 
15, 13], [40, 14, 15, 13], [40, 14, 15, 13]]
Round : 324 Min : 82 - Population : [[8, 26, 15, 21], [8, 26, 15, 21], [8, 26, 15, 21], [8, 26, 15, 21], [8, 26, 15, 21], [8, 26, 15, 21]]
Round : 325 Min : 140 - Population : [[8, 32, 37, 37], [8, 32, 37, 37], [8, 32, 37, 37], [8, 32, 37, 
37], [8, 32, 37, 37], [8, 32, 37, 37]]
Round : 326 Min : 51 - Population : [[13, 32, 4, 37], [13, 32, 4, 37], [13, 32, 4, 37], [13, 32, 4, 37], [13, 32, 4, 37], [13, 32, 4, 37]]
Round : 327 Min : 82 - Population : [[30, 32, 3, 37], [30, 32, 3, 37], [30, 32, 3, 37], [30, 32, 3, 37], [30, 32, 3, 37], [30, 32, 3, 37]]
Round : 328 Min : 135 - Population : [[30, 25, 30, 37], [30, 25, 30, 37], [30, 25, 30, 37], [30, 25, 
30, 37], [30, 25, 30, 37], [30, 25, 30, 37]]
Round : 329 Min : 30 - Population : [[5, 25, 13, 39], [5, 25, 13, 39], [5, 25, 13, 39], [5, 25, 13, 39], [5, 25, 13, 39], [5, 25, 13, 39]]
Round : 330 Min : 2 - Population : [[11, 2, 13, 15], [11, 2, 13, 15], [11, 2, 13, 15], [11, 2, 13, 15], [11, 2, 13, 15], [11, 2, 13, 15]]
Round : 331 Min : 15 - Population : [[11, 17, 2, 35], [11, 17, 2, 35], [11, 17, 2, 35], [11, 17, 2, 35], [11, 17, 2, 35], [11, 17, 2, 35]]
Round : 332 Min : 189 - Population : [[11, 37, 40, 30], [11, 37, 40, 30], [11, 37, 40, 30], [11, 37, 
40, 30], [11, 37, 40, 30], [11, 37, 40, 30]]
Round : 333 Min : 129 - Population : [[11, 23, 40, 32], [11, 23, 40, 32], [11, 23, 40, 32], [11, 23, 
40, 32], [11, 23, 40, 32], [11, 23, 40, 32]]
Round : 334 Min : 203 - Population : [[34, 30, 40, 32], [34, 30, 40, 32], [34, 30, 40, 32], [34, 30, 
40, 32], [34, 30, 40, 32], [34, 30, 40, 32]]
Round : 335 Min : 203 - Population : [[34, 30, 40, 32], [34, 30, 40, 32], [34, 30, 40, 32], [34, 30, 
40, 32], [34, 30, 40, 32], [34, 30, 40, 32]]
Round : 336 Min : 135 - Population : [[32, 14, 40, 32], [32, 14, 40, 32], [32, 14, 40, 32], [32, 14, 
40, 32], [32, 14, 40, 32], [32, 14, 40, 32]]
Round : 337 Min : 164 - Population : [[28, 24, 39, 32], [28, 24, 39, 32], [28, 24, 39, 32], [28, 24, 
39, 32], [28, 24, 39, 32], [28, 24, 39, 32]]
Round : 338 Min : 192 - Population : [[41, 17, 39, 17], [41, 17, 39, 17], [41, 17, 39, 17], [41, 17, 
39, 17], [41, 17, 39, 17], [41, 17, 39, 17]]
Round : 339 Min : 105 - Population : [[41, 8, 22, 17], [41, 8, 22, 17], [41, 8, 22, 17], [41, 8, 22, 
17], [41, 8, 22, 17], [41, 8, 22, 17]]
Round : 340 Min : 149 - Population : [[39, 30, 22, 37], [39, 30, 22, 37], [39, 30, 22, 37], [39, 30, 
22, 37], [39, 30, 22, 37], [39, 30, 22, 37]]
Round : 341 Min : 101 - Population : [[39, 33, 2, 37], [39, 33, 2, 37], [39, 33, 2, 37], [39, 33, 2, 
37], [39, 33, 2, 37], [39, 33, 2, 37]]
Round : 342 Min : 102 - Population : [[21, 19, 33, 37], [21, 19, 33, 37], [21, 19, 33, 37], [21, 19, 
33, 37], [21, 19, 33, 37], [21, 19, 33, 37]]
Round : 343 Min : 78 - Population : [[21, 24, 17, 35], [21, 24, 17, 35], [21, 24, 17, 35], [21, 24, 17, 35], [21, 24, 17, 35], [21, 24, 17, 35]]
Round : 344 Min : 98 - Population : [[32, 17, 17, 22], [32, 17, 17, 22], [32, 17, 17, 22], [32, 17, 17, 22], [32, 17, 17, 22], [32, 17, 17, 22]]
Round : 345 Min : 174 - Population : [[41, 21, 31, 22], [41, 21, 31, 22], [41, 21, 31, 22], [41, 21, 
31, 22], [41, 21, 31, 22], [41, 21, 31, 22]]
Round : 346 Min : 71 - Population : [[20, 4, 22, 5], [20, 4, 22, 5], [20, 4, 22, 5], [20, 4, 22, 5], 
[20, 4, 22, 5], [20, 4, 22, 5]]
Round : 347 Min : 71 - Population : [[20, 4, 22, 5], [20, 4, 22, 5], [20, 4, 22, 5], [20, 4, 22, 5], 
[20, 4, 22, 5], [20, 4, 22, 5]]
Round : 348 Min : 103 - Population : [[36, 4, 22, 5], [36, 4, 22, 5], [36, 4, 22, 5], [36, 4, 22, 5], [36, 4, 22, 5], [36, 4, 22, 5]]
Round : 349 Min : 90 - Population : [[26, 4, 31, 15], [26, 4, 31, 15], [26, 4, 31, 15], [26, 4, 31, 15], [26, 4, 31, 15], [26, 4, 31, 15]]
Round : 350 Min : 52 - Population : [[32, 14, 1, 15], [32, 14, 1, 15], [32, 14, 1, 15], [32, 14, 1, 15], [32, 14, 1, 15], [32, 14, 1, 15]]
Round : 351 Min : 112 - Population : [[32, 14, 35, 36], [32, 14, 35, 36], [32, 14, 35, 36], [32, 14, 
35, 36], [32, 14, 35, 36], [32, 14, 35, 36]]
Round : 352 Min : 180 - Population : [[10, 34, 35, 20], [10, 34, 35, 20], [10, 34, 35, 20], [10, 34, 
35, 20], [10, 34, 35, 20], [10, 34, 35, 20]]
Round : 353 Min : 134 - Population : [[26, 33, 5, 12], [26, 33, 5, 12], [26, 33, 5, 12], [26, 33, 5, 
12], [26, 33, 5, 12], [26, 33, 5, 12]]
Round : 354 Min : 134 - Population : [[26, 33, 5, 12], [26, 33, 5, 12], [26, 33, 5, 12], [26, 33, 5, 
12], [26, 33, 5, 12], [26, 33, 5, 12]]
Round : 355 Min : 125 - Population : [[26, 28, 20, 29], [26, 28, 20, 29], [26, 28, 20, 29], [26, 28, 
20, 29], [26, 28, 20, 29], [26, 28, 20, 29]]
Round : 356 Min : 121 - Population : [[28, 26, 20, 29], [28, 26, 20, 29], [28, 26, 20, 29], [28, 26, 
20, 29], [28, 26, 20, 29], [28, 26, 20, 29]]
Round : 357 Min : 121 - Population : [[28, 26, 20, 29], [28, 26, 20, 29], [28, 26, 20, 29], [28, 26, 
20, 29], [28, 26, 20, 29], [28, 26, 20, 29]]
Round : 358 Min : 121 - Population : [[28, 26, 20, 29], [28, 26, 20, 29], [28, 26, 20, 29], [28, 26, 
20, 29], [28, 26, 20, 29], [28, 26, 20, 29]]
Round : 359 Min : 10 - Population : [[18, 14, 3, 35], [18, 14, 3, 35], [18, 14, 3, 35], [18, 14, 3, 35], [18, 14, 3, 35], [18, 14, 3, 35]]
Round : 360 Min : 64 - Population : [[5, 37, 3, 31], [5, 37, 3, 31], [5, 37, 3, 31], [5, 37, 3, 31], 
[5, 37, 3, 31], [5, 37, 3, 31]]


----------------------------------------
Round : 361 Min : 0 - Population : [[5, 18, 3, 25], [5, 18, 3, 25], [5, 18, 3, 25], [5, 18, 3, 25], [5, 18, 3, 25], [5, 18, 3, 25]]
Best Chromosome :  [5, 18, 3, 25]
F_obj :  0
----------------------------------------